165
11.8172 0.0 0.0 0.0 11.8172 0.0 0.0 0.0 11.8172
O 9.616644 7.132023 5.57016
O 5.549963 3.262658 4.329437
O 1.126004 2.650758 9.347949
O -1.183396 7.753104 7.999873
O 7.765406 10.890469 2.219143
O 11.748554 4.063052 7.492448
O 2.681642 2.014291 1.654867
O 11.321329 12.36706 10.778002
O 13.628173 12.258935 7.904696
O 0.734658 -3.524038 11.326159
O -1.866717 10.120406 5.371414
O 3.048188 5.523792 6.126602
O 6.2796 9.263228 3.64658
O 6.275008 10.549365 0.120029
O 8.84355 0.476926 -0.126554
O 10.941411 3.185403 14.764165
O 5.996444 -1.812949 8.419899
O 0.26028 12.55585 1.730751
O 3.731929 11.333947 1.097615
O 5.612375 5.557999 0.024093
O 5.574733 2.482193 -2.945197
O 2.27153 4.657456 12.922008
O 1.719728 -2.254756 4.712845
O 4.665249 0.751449 5.028745
O 3.55041 9.383927 2.83016
O 7.803066 8.346496 11.490381
O 4.911486 0.278051 7.667903
O 8.631127 9.565756 9.15747
O 7.689833 6.353943 7.415493
O 3.77276 7.644384 0.565315
O 0.860934 9.798343 -3.162025
O 3.763723 8.516378 9.643785
O 13.174446 0.52482 5.15461
O 3.784879 3.47931 10.369983
O 10.116163 4.682606 9.447256
O 8.257654 14.285393 9.779319
O 11.537154 17.060772 13.256533
O 8.644574 0.295388 7.720442
O 6.172215 6.387398 14.544351
O 1.879657 3.0953 4.602869
O 3.424991 6.240647 3.473101
O 10.487545 1.785478 6.483468
O 2.007638 10.777004 -1.045457
O 5.675148 -4.477748 5.850128
O 13.209282 5.962697 10.189432
O 10.547713 10.473535 2.314647
O 2.453346 8.233041 6.864361
O 11.581279 5.173073 4.760532
O -1.458823 7.959793 12.791207
O 8.681432 1.812896 3.000677
O 4.112135 5.359429 -3.342913
O 0.443298 7.552005 15.063721
O 7.263817 11.398833 5.461029
O 7.78321 6.136692 10.001356
O 6.16345 4.227414 7.019868
H 9.971903 7.753848 6.277023
H 10.346078 6.473145 5.383843
H 5.802692 3.524686 5.203355
H 6.268581 3.3409 3.766062
H 0.811852 3.087889 8.542441
H 1.632076 1.921476 8.853284
H -0.335491 7.229183 8.103286
H -0.736244 8.575442 8.327714
H 7.339654 10.909369 1.320893
H 8.778533 10.781087 2.1131
H 11.28271 3.224224 7.118202
H 10.996954 4.361938 8.124143
H 2.574867 2.220629 2.599361
H 2.609131 2.9061 1.231412
H 11.971663 11.866325 10.2515
H 11.345189 13.288152 10.31138
H 13.136025 11.4422 8.266162
H 14.607093 12.083579 7.953659
H 1.469015 -2.940999 11.626989
H 1.031749 -4.376183 10.921352
H -2.635131 10.743545 5.166946
H -2.309128 9.302682 5.143277
H 3.664382 5.460444 5.33235
H 3.377719 5.206205 7.017158
H 6.837848 9.863715 3.14025
H 6.428667 8.33141 3.360495
H 5.421792 10.881378 0.404685
H 6.363642 9.621055 0.28378
H 9.661887 0.23166 -0.615384
H 8.142586 -0.222745 -0.285346
H 11.517179 2.531059 14.426291
H 10.118253 2.669753 14.919172
H 6.939719 -2.056731 8.331232
H 5.407331 -2.483283 8.813763
H -0.017803 12.614548 0.78622
H 1.224254 12.796082 1.641085
H 3.656475 12.284757 1.323069
H 3.722876 10.885749 1.99468
H 5.03249 4.8338 -0.25038
H 5.699533 5.726841 0.931942
H 6.385417 2.262583 -2.486703
H 5.374283 1.682354 -3.459479
H 1.286079 4.809729 12.858668
H 2.683043 5.019807 12.100694
H 1.444456 -1.293526 4.748482
H 0.989594 -2.746491 4.226096
H 3.811793 0.445422 4.675449
H 4.833023 1.673454 4.731237
H 4.510155 9.263287 3.039257
H 3.017127 9.440529 3.675067
H 7.6333 7.520935 10.857155
H 8.475177 8.044462 12.109712
H 4.896951 0.353466 6.631322
H 5.350515 -0.618885 7.827532
H 8.890425 8.697193 8.794522
H 8.305109 9.343035 10.038194
H 8.47202 6.525308 6.85818
H 6.971914 6.766223 6.861971
H 4.641392 7.342379 0.795065
H 3.413488 8.060662 1.420464
H 1.347246 9.20178 -3.817187
H 0.968259 9.45154 -2.31134
H 3.504331 7.983975 10.463447
H 3.198213 8.207346 8.903106
H 13.31953 0.615673 6.16368
H 13.353035 1.412136 4.811302
H 2.968864 3.062147 10.201406
H 4.476476 3.071932 9.822825
H 9.495884 5.430162 9.447792
H 9.500896 3.958659 9.706129
H 8.425382 13.907533 8.909008
H 8.326366 13.475374 10.372426
H 11.058722 16.352356 13.803479
H 10.954251 17.803892 13.183082
H 8.064427 0.123879 6.871266
H 8.745856 -0.573371 8.177676
H 5.253346 6.640115 14.752195
H 6.252485 5.933165 15.382187
H 1.205303 3.696849 4.24569
H 2.42362 3.744945 5.078988
H 2.929528 7.057997 3.558557
H 3.193297 5.947958 2.57697
H 10.705244 1.251797 5.726447
H 9.961977 1.162595 7.022161
H 2.694155 10.204041 -1.439312
H 2.504975 11.107771 -0.195347
H 4.791878 -4.350928 6.100841
H 5.749197 -3.624034 5.415275
H 12.460318 5.392484 10.102652
H 13.940759 5.546147 9.706305
H 11.219648 11.138654 2.107108
H 10.71802 10.25901 3.21983
H 2.477949 7.295853 6.558359
H 2.16003 8.667504 6.041909
H 11.170444 4.523889 4.097296
H 11.635351 4.762661 5.670509
H -0.995064 8.137569 12.000993
H -1.192551 8.785136 13.212138
H 8.295423 1.245061 3.691779
H 8.545468 1.179092 2.275817
H 5.012308 5.317801 -3.730712
H 3.933256 4.574618 -2.783485
H 0.086964 7.642744 14.156185
H 0.327929 6.599316 15.237218
H 6.357988 11.738628 5.245758
H 7.246233 10.478692 5.257217
H 6.97204 5.772329 10.393438
H 7.556421 6.355786 9.058902
H 7.039603 4.635247 7.2523
H 6.060529 3.438246 7.610669
